2726
2755
3940
3947
5097
5482
6091
7085
7159
7160
7171
7232
7267
7364
7392
7550
7672
7719
7779
7851
7910
8013
8040
8209
8217
8221
8346
8443
8470
8479
8496
8511
8518
8640
8652
8766
8791
8863
8894
8982
9109
9127
9151
9182
9408
9416
9485
9504
9574
9629
9648
9662
9756
9798
10125
10157
10273
10347
10349
10388
10435
10440
10613
10624
10834
10846
10973
10983
11053
11059
11100
11220
11370
11386
11438
11500
11537
11581
11590
11636
11648
11657
11683
11710
11735
11797
11827
11831
11880
11891
11965
11969
12083
12092
12122
12255
12258
12316
12422
12477
12569
12758
12812
12815
12902
12950
12960
12967
13020
13173
13188
13234
13237
13238
13248
13250
13293
13353
13374
13390
13521
13527
13577
13593
13635
13671
13712
13725
13762
13782
13823
13917
13918
13956
14011
14069
14109
14136
14156
14189
14205
14233
14301
14332
14401
14454
14457
14465
14576
14649
14674
14683
14695
14727
14881
14934
14996
15004
15123
15199
15217
15269
15281
15287
15310
15399
15400
15405
15413
15508
15529
15564
15565
15649
15671
15746
15761
15772
15804
15846
15865
15889
15943
16061
16278
16465
16498
16514
16548
16661
16686
16687
16704
16713
16749
16766
16966
17051
17112
17115
17148
17345
17360
17369
17384
17402
17458
17550
17566
17575
17597
17598
17633
17686
17733
17994
18029
18061
18079
18091
18095
18202
18215
18220
18235
18258
18260
18323
18406
18490
18520
18545
18616
18813
18835
18845
18874
18877
18880
18918
18925
18930
18937
19077
19081
19125
19144
19181
19189
19205
19212
19294
19336
19358
19400
19421
19435
19489
19541
19548
19600
19621
19661
19676
19681
19835
19894
20001
20101
20110
20163
20170
20208
20242
20283
20299
20309
20318
20375
20376
20426
20503
20505
20527
20602
20631
20669
20782
20803
20834
20853
20867
20871
20885
20894
21007
21045
21078
21111
21115
21192
21214
21276
21295
21396
21407
21425
21538
21583
21669
21707
21712
21722
21726
21771
22024
22064
22072
22093
22101
22111
22142
22240
22278
22339
22351
22466
22516
22563
22565
22576
22577
22613
22737
22770
22805
22818
22949
23001
23094
23135
23145
23147
23184
23186
23215
23388
23425
23428
23452
23564
23679
23808
23826
23829
23981
23982
24005
24032
24034
24115
24193
24276
24292
24302
24354
24527
24584
24611
24654
24718
24733
24749
24791
24821
24848
24849
24872
24894
24916
24927
24950
25064
25238
25266
25310
25345
25403
25415
25431
25438
25456
25493
25561
25578
25611
25675
25718
25752
25772
25813
25829
25849
25972
26026
26082
26230
26317
26332
26347
26378
26390
26549
26565
26566
26629
26638
26699
26776
26783
26801
26854
26886
26914
26930
26937
26989
27021
27049
27110
27197
27212
27252
27267
27287
27349
28933
33920
33935
33968
33980
34005
34024
34035
34037
34055
34127
34165
34239
34245
34269
34291
34344
34377
34400
34439
34448
34458
34475
34616
34630
34640
34660
34672
34741
34775
34812
34870
34882
34889
34894
34927
35007
35036
35166
35193
35212
35226
35273
35299
35302
35340
35366
35381
35389
35457
35465
35483
35487
35546
35682
35728
35755
35785
35813
36203
36498
37383
37683
37874
37947
38005
38083
38118
38191
38253
38255
38280
38360
38376
38418
38579
39246
39507
39544
39582
39592
39752
39813
39827
39909
39941
39998
40028
40075
40123
40149
40255
40293
40313
40321
40377
40392
45461
45466
45472
45518
45564
45597
45602
45626
45677
45706
45720
45758
45818
45847
45881
46005
46018
46037
46050
46064
46071
46088
46093
46254
46271
46280
46388
46390
46393
46406
46423
46464
46506
46537
46542
46615
46616
46633
46638
46651
46660
46667
46693
46728
46746
46747
46789
46802
46830
46847
46873
46923
46926
46942
47006
47051
47098
47235
47251
47310
47364
47421
47436
47450
47479
47537
47562
47568
47619
47630
47631
47635
47664
47666
47667
47676
47703
47709
47713
47792
47801
47802
47841
47866
47877
47889
47986
48021
48034
48307
48318
48415
48657
48689
48692
48725
48828
48940
48989
48996
49022
49043
49072
49087
49517
49518
49542
49655
49743
49787
49801
49822
49937
50000
50023
50030
50032
50115
50123
50152
50272
50283
50329
50675
50688
50693
50788
50815
50832
50851
50861
50873
50878
50987
51001
51025
51030
51035
51064
51169
51186
51195
51196
51210
51222
51246
51287
51337
51389
51391
51396
51410
51432
51557
51563
51608
51861
51883
51956
51970
51984
51989
51997
52007
52012
52183
52186
52243
52480
52572
52592
52613
52641
52716
52775
52810
